line 50 60 130 60 15 25 201
line 130 60 130 140 15 25 201
line 130 140 50 140 15 25 201
line 50 140 50 170 15 25 201
line 50 170 20 170 15 25 201
line 20 170 20 110 15 25 201
line 20 110 90 110 15 25 201
line 90 110 90 100 15 25 201
line 90 100 50 100 15 25 201
line 50 100 50 60 15 25 201
ellipse 60 70 80 90 15 25 201
line 140 120 170 120 232 212 36
line 170 120 170 180 232 212 36
line 170 180 100 180 232 212 36
line 100 180 100 190 232 212 36
line 100 190 140 190 232 212 36
line 140 190 140 230 232 212 36
line 140 230 60 230 232 212 36
line 60 230 60 150 232 212 36
line 60 150 140 150 232 212 36
line 140 150 140 120 232 212 36
ellipse 110 200 130 220 232 212 36


